accuracy=0.4152542372881356
precision_macro=0.5825641301535333
recall_macro=0.4292475879240585
f1_macro=0.37396599934812075
f1_weighted=0.3739201686279743
