accuracy=0.5762004175365344
precision_macro=0.7222222222222222
recall_macro=0.6001578850819209
f1_macro=0.5166012848939677
f1_weighted=0.501675226177492
