accuracy=0.940677966101695
precision_macro=0.9395699240379676
recall_macro=0.9405096483037659
f1_macro=0.9397869093510227
f1_weighted=0.940787840492983
