accuracy=0.9014084507042254
precision_macro=0.9079365079365079
recall_macro=0.8926767676767677
f1_macro=0.899570480855508
f1_weighted=0.9011508262318272
