accuracy=0.9979123173277662
precision_macro=0.9978070175438596
recall_macro=0.998095238095238
f1_macro=0.9979447801513676
f1_weighted=0.9979127713992904
