accuracy=0.8389830508474576
precision_macro=0.8380957678446012
recall_macro=0.8399175225645813
f1_macro=0.8386829875324867
f1_weighted=0.8390704573996326
