accuracy=0.5789473684210527
precision_macro=0.7418803418803419
recall_macro=0.4925490196078431
f1_macro=0.48484509145203436
f1_weighted=0.5275137030706665
