accuracy=0.847457627118644
precision_macro=0.8466423107269048
recall_macro=0.8486305633364456
f1_macro=0.8471461240027222
f1_weighted=0.8476023160584867
