accuracy=0.98
precision_macro=0.9791666666666666
recall_macro=0.9791666666666666
f1_macro=0.978494623655914
f1_weighted=0.98
