accuracy=0.7052631578947368
precision_macro=0.7091049382716049
recall_macro=0.7047936861062555
f1_macro=0.7027382979004183
f1_weighted=0.70637150697719
