accuracy=0.625
precision_macro=0.6593112973827974
recall_macro=0.6294849050731404
f1_macro=0.6256917008533284
f1_weighted=0.6284495465959066
